0.056
0.044
0.047
0.041
0.037
0.045
0.04
0.044
0.043
0.044
0.048
0.049
0.04
0.05
0.05
0.05
0.046
0.046
0.04
0.047
0.038
0.038
0.051
0.046
0.052
0.042
0.038
0.05
0.044
0.033
0.05
0.052
0.047
0.034
0.055
0.043
0.055
0.049
0.042
0.05
0.045
0.057
0.043
0.045
0.041
0.044
0.048
0.052
0.042
0.046
0.037
0.032
0.045
0.06
0.039
0.051
0.059
0.043
0.036
0.035
0.047
0.047
0.052
0.053
0.043
0.042
0.041
0.045
0.053
0.047
0.053
0.055
0.039
0.049
0.05
0.042
0.039
0.04
0.043
0.043
0.046
0.057
0.043
0.046
0.045
0.052
0.058
0.043
0.045
0.043
0.047
0.048
0.06
0.048
0.05
0.043
0.046
0.048
0.046
0.04
