0.048
0.04
0.052
0.038
0.042
0.054
0.032
0.038
0.05
0.046
0.054
0.06
0.034
0.04
0.06
0.05
0.056
0.046
0.036
0.046
0.044
0.034
0.05
0.044
0.05
0.042
0.03
0.034
0.038
0.032
0.036
0.056
0.032
0.042
0.038
0.044
0.058
0.056
0.03
0.054
0.05
0.05
0.042
0.044
0.046
0.042
0.056
0.054
0.042
0.032
0.046
0.028
0.05
0.056
0.032
0.058
0.076
0.048
0.038
0.032
0.04
0.036
0.042
0.048
0.048
0.038
0.038
0.054
0.06
0.052
0.042
0.052
0.022
0.058
0.052
0.042
0.036
0.052
0.036
0.038
0.038
0.058
0.044
0.042
0.046
0.05
0.056
0.044
0.042
0.042
0.058
0.068
0.06
0.034
0.042
0.042
0.052
0.05
0.038
0.048
